87256 58113
48320 99191
26279 21905
46855 80922
27525 21122
39115 66502
12330 51402
54024 37852
81581 12668
63024 58693
53730 74984
85358 99825
33298 5179
19968 89800
44182 68273
54920 40174
43431 33279
73548 57185
69796 33031
65197 58561
50161 2383
71815 76970
65420 9862
79567 70828
32651 79116
17713 51302
38999 76201
70311 12790
3045 12211
41401 68500
95256 23165
43734 35324
66435 23424
31450 48332
62157 91806
81226 9008
30682 20315
65670 8218
80747 96283
66059 62004
10310 72386
6810 61718
49945 80159
37119 28175
24089 17653
13929 23100
95523 62479
54445 69910
22511 59846
8457 55236
8923 94663
26795 31420
96031 29600
25081 35634
37283 3758
79826 787
55670 44697
41735 87379
62467 55814
26077 61977
93013 6696
43830 11228
59285 55812
26200 58977
54204 29583
77671 56351
5297 97822
62683 78075
9650 64590
92959 48079
32403 7005
94365 76324
38761 78670
29891 16408
27911 32772
33353 85212
29910 97384
86219 84530
11813 54917
97928 17051
22273 77556
87433 17076
36168 46253
50759 15236
89127 82592
43082 47259
18494 90250
89026 55680
45267 43634
48645 47995
64172 40877
24844 12399
37436 10285
83837 34567
43965 78513
46461 24184
46355 21827
22970 87060
44696 37183
94636 63611
11899 89796
18024 4151
45033 51366
2538 91811
3727 54947
19363 73183
5511 5006
34300 33930
8330 48081
44820 67051
90107 12432
7796 11852
15298 9704
69606 76871
83184 36879
50868 92818
19312 2443
49884 69716
12026 17316
44409 55535
44687 92777
90380 9851
62284 14538
89714 75212
89330 38321
7307 47465
5535 51846
8664 37205
63108 22466
98807 79969
1810 61621
53338 63930
65770 93493
5611 98991
89534 86247
9464 18661
28766 53546
61313 11839
54828 41528
5596 89545
92170 18142
64049 39096
35445 47119
77973 58
65298 78925
4842 43670
87760 26175
33997 33716
69740 83235
81649 60495
65676 48621
94425 20928
46427 51088
29425 20987
42447 3830
2096 90880
37785 4349
68991 81749
1033 78742
79811 59333
36802 53065
72888 25512
62125 49439
88292 34420
77410 85802
44119 89285
98459 15247
53478 21370
1894 3056
40596 66627
57485 3405
25466 5004
20480 67451
18358 44980
8477 26114
16788 96665
70074 91711
34710 19970
44124 75587
64256 80214
4451 39057
27539 78947
16544 83025
53368 49147
33536 58060
10877 667
98772 67233
17388 90912
827 19104
76250 11901
72179 86742
47578 89474
10477 91517
18065 25364
74870 96657
1467 87039
32439 84896
89269 52091
87641 63168
47527 68562
34506 90748
95856 80842
67362 10362
28678 47441
73935 28801
32541 73381
62679 61987
89874 4059
46319 90037
88459 60505
57982 34967
72703 39619
75429 36628
82659 6441
35058 48883
98527 1548
78733 82531
9503 6274
9329 52879
95985 70039
63428 48799
93229 67562
18536 89904
68095 27640
60786 51622
48136 59726
96289 36904
87233 25361
13690 1549
82256 79011
89304 92850
20763 27139
77990 78050
18835 24014
86137 79332
41456 4245
96211 66267
5469 69402
61114 69369
22418 73959
77357 76230
42537 76515
75110 74761
82881 17627
51764 55790
62042 18361
63469 34561
65686 92826
41517 41020
46070 94089
51437 70832
67489 1789
20567 43442
34697 5254
8054 60165
25258 98790
42210 92419
68270 82546
1438 98195
48797 75901
25882 37638
63438 6042
99197 26161
78812 82714
10592 774
4867 37005
24750 10337
18250 64693
22733 59345
6864 35344
5605 10783
43196 62048
20603 8804
14270 33185
24961 45809
57860 65932
52663 27919
29306 33160
51113 96682
54146 12906
50461 99262
86438 29871
